24,4
24,3
24,2
24,1
4294967294,437
4294967294,474
4294967279,534
4294967278,345
23,6
4294967278,344
4294967279,533
4294967279,532
23,5
23,4
23,3
23,2
23,1
4294967278,343
4294967279,531
22,5
22,4
22,3
22,2
22,1
4294967279,530
4294967278,342
4294967279,529
4294967278,341
4294967279,528
21,5
21,4
21,3
21,2
21,1
4294967294,473
4294967278,340
20,5
20,4
20,3
20,2
20,1
4294967294,472
4294967279,527
19,4
19,3
19,2
19,1
4294967279,526
4294967278,339
4294967279,525
4294967278,338
4294967279,524
4294967278,337
4294967279,523
4294967279,522
18,4
18,3
18,2
18,1
4294967278,336
4294967279,521
4294967294,1418
4294967294,1417
4294967278,335
4294967279,520
4294967278,334
4294967279,519
4294967279,518
4294967278,333
4294967278,332
4294967279,517
17,6
4294967279,516
4294967278,331
4294967279,515
4294967278,330
17,5
4294967279,514
4294967278,329
17,4
17,3
17,2
17,1
4294967279,513
16,5
16,4
16,3
16,2
16,1
4294967279,512
4294967278,328
15,5
15,4
15,3
15,2
15,1
14,5
14,4
4294967279,319
14,3
14,2
14,1
4294967279,318
4294967279,317
4294967279,316
4294967278,327
13,4
13,3
13,2
13,1
4294967278,326
4294967279,315
4294967278,325
4294967279,314
4294967278,324
4294967279,313
4294967278,323
4294967279,312
4294967278,322
4294967279,311
4294967278,321
4294967278,320
4294967279,310
4294967279,309
4294967278,319
4294967279,308
4294967278,318
4294967278,317
12,6
4294967278,316
4294967279,307
4294967279,306
12,5
12,4
12,3
12,2
12,1
4294967278,315
4294967279,305
4294967278,314
4294967278,313
11,5
11,4
11,3
11,2
11,1
4294967279,304
4294967278,312
4294967279,303
4294967278,311
4294967279,302
4294967279,301
10,5
10,4
10,3
10,2
10,1
4294967278,310
4294967279,300
4294967278,309
4294967278,308
9,5
9,4
9,3
9,2
9,1
4294967279,299
4294967278,307
8,4
8,3
8,2
8,1
4294967278,306
4294967279,298
4294967278,305
4294967279,297
4294967278,304
4294967279,296
4294967278,303
4294967279,295
4294967278,302
4294967279,294
4294967278,301
4294967279,293
4294967278,300
4294967278,299
4294967279,292
4294967278,298
7,4
7,3
7,2
7,1
4294967279,291
4294967279,290
4294967278,297
4294967279,289
4294967278,296
4294967278,295
6,6
4294967294,471
4294967278,294
4294967279,288
4294967279,287
6,5
6,4
6,3
6,2
6,1
4294967278,293
4294967294,1416
4294967279,286
4294967278,292
4294967278,291
5,5
5,4
5,3
5,2
5,1
4294967279,285
4294967278,290
4294967279,284
4294967278,289
4294967279,283
4,5
4294967278,288
4294967279,282
4,4
4294967278,287
4,3
4,2
4,1
4294967278,286
4294967294,1415
4294967294,187
4294967294,1414
4294967294,1413
4294967294,470
4294967294,83
3,5
3,4
3,3
3,2
3,1
2,4
4294967278,285
2,3
2,2
2,1
4294967278,279
4294967279,281
4294967278,259
4294967279,280
4294967293,131
4294967293,130
4294967293,129
4294967293,128
4294967293,127
4294967293,126
4294967293,125
4294967293,124
4294967293,123
4294967293,122
4294967293,121
4294967293,120
4294967293,119
4294967293,118
4294967293,117
4294967293,116
4294967293,115
4294967293,114
4294967293,113
4294967293,112
4294967293,111
4294967293,110
4294967293,109
4294967293,108
4294967293,107
4294967293,106
4294967293,105
4294967293,104
4294967293,103
4294967293,102
4294967293,101
4294967293,100
4294967293,99
4294967293,98
4294967293,97
4294967293,96
4294967293,95
4294967293,94
4294967293,93
4294967293,92
4294967293,91
4294967293,90
4294967293,89
4294967293,88
4294967293,87
4294967293,86
4294967293,85
4294967293,84
4294967293,83
4294967293,82
4294967293,81
4294967293,80
4294967293,79
4294967293,78
4294967293,77
4294967293,76
4294967293,75
4294967293,74
4294967293,73
4294967293,72
4294967293,71
4294967293,70
4294967293,69
4294967293,68
4294967293,67
4294967293,66
4294967293,65
4294967293,64
4294967293,63
4294967293,62
4294967293,61
4294967293,60
4294967293,59
4294967293,58
4294967293,57
4294967293,56
4294967293,55
4294967293,54
4294967293,53
4294967293,52
4294967293,51
4294967293,50
4294967293,49
4294967293,48
4294967293,47
4294967293,46
4294967293,45
4294967293,44
4294967293,43
4294967293,42
4294967293,41
4294967293,40
4294967293,39
4294967293,38
4294967293,37
4294967293,36
4294967293,35
4294967293,34
4294967293,33
4294967293,32
4294967293,31
4294967293,30
4294967293,29
4294967293,28
4294967293,27
4294967293,26
4294967293,25
4294967293,24
4294967293,23
4294967293,22
4294967293,21
